3.287819e+01
3.313665e+01
3.372450e+01
3.405230e+01
3.436241e+01
3.558870e+01
3.512452e+01
3.516765e+01
3.516090e+01
3.512751e+01
3.863924e+01
3.738622e+01
3.694664e+01
3.681208e+01
3.669283e+01
3.984073e+01
3.856482e+01
3.777263e+01
3.753398e+01
3.731319e+01
4.042088e+01
3.905904e+01
3.816373e+01
3.789088e+01
3.762589e+01
4.088542e+01
3.948587e+01
3.855092e+01
3.826622e+01
3.798768e+01
4.129251e+01
3.984140e+01
3.886187e+01
3.856242e+01
3.827150e+01
4.175095e+01
4.021182e+01
3.917035e+01
3.884932e+01
3.853132e+01
4.181676e+01
4.026615e+01
3.921724e+01
3.889359e+01
3.857236e+01
4.210167e+01
4.051130e+01
3.944076e+01
3.910913e+01
3.877697e+01
