9.100000e+01 6.271617e-10
9.400000e+01 1.057113e-09
9.600000e+01 1.492362e-09
9.800000e+01 2.146646e-09
1.000000e+02 3.009373e-09
1.020000e+02 4.093267e-09
1.040000e+02 5.027768e-09
1.060000e+02 6.321491e-09
1.080000e+02 8.129859e-09
1.100000e+02 1.179769e-08
1.140000e+02 1.711996e-08
1.180000e+02 2.333992e-08
1.210000e+02 9.294319e-08
1.250000e+02 1.184595e-07
1.270000e+02 1.287834e-07
1.280000e+02 1.370799e-07
1.310000e+02 1.536653e-07
1.320000e+02 1.832941e-07
1.340000e+02 1.953256e-07
1.370000e+02 2.524916e-07
1.400000e+02 2.788040e-07
1.430000e+02 7.765082e-07
1.470000e+02 1.916720e-06
1.510000e+02 2.110775e-06
1.550000e+02 2.346274e-06
1.590000e+02 2.630155e-06
1.620000e+02 2.834079e-06
1.660000e+02 3.171096e-06
1.700000e+02 3.460558e-06
1.730000e+02 3.723370e-06
1.770000e+02 4.047793e-06
1.800000e+02 4.298017e-06
1.820000e+02 4.474364e-06
1.860000e+02 4.837301e-06
1.910000e+02 5.317167e-06
1.940000e+02 5.662047e-06
1.980000e+02 6.053937e-06
2.020000e+02 6.508536e-06
2.050000e+02 6.856121e-06
2.100000e+02 7.100513e-06
2.160000e+02 8.148922e-06
2.200000e+02 8.712436e-06
2.230000e+02 9.000154e-06
2.270000e+02 9.619230e-06
2.300000e+02 1.519470e-05
2.340000e+02 2.608796e-05
2.400000e+02 3.586709e-05
2.460000e+02 3.431803e-05
2.520000e+02 3.845573e-05
2.570000e+02 3.174688e-05
2.600000e+02 3.903004e-05
2.640000e+02 4.255434e-05
2.690000e+02 4.362852e-05
2.740000e+02 4.443455e-05
2.790000e+02 4.502491e-05
2.840000e+02 4.646188e-05
2.900000e+02 4.556476e-05
2.960000e+02 4.684630e-05
3.010000e+02 4.626970e-05
3.080000e+02 4.854680e-05
3.180000e+02 5.164377e-05
3.280000e+02 5.335526e-05
3.380000e+02 5.427991e-05
3.480000e+02 5.505003e-05
3.570000e+02 5.689313e-05
3.660000e+02 6.008023e-05
3.750000e+02 6.084790e-05
3.850000e+02 5.886330e-05
3.950000e+02 6.356435e-05
4.050000e+02 6.652097e-05
4.140000e+02 6.707136e-05
4.220000e+02 6.645048e-05
4.300000e+02 6.646014e-05
4.410000e+02 6.903267e-05
4.510000e+02 6.941172e-05
4.600000e+02 6.847372e-05
4.700000e+02 6.915477e-05
4.800000e+02 7.115739e-05
4.900000e+02 6.940788e-05
5.000000e+02 7.273092e-05
5.060000e+02 7.091102e-05
5.120000e+02 7.799088e-05
5.200000e+02 7.781069e-05
5.300000e+02 7.646487e-05
5.400000e+02 7.255402e-05
5.500000e+02 7.183837e-05
5.600000e+02 7.719325e-05
5.700000e+02 8.064257e-05
5.800000e+02 7.992446e-05
5.900000e+02 8.096141e-05
6.000000e+02 7.673743e-05
6.100000e+02 6.712843e-05
6.200000e+02 8.180687e-05
6.300000e+02 7.973960e-05
6.400000e+02 8.319774e-05
6.500000e+02 8.198802e-05
6.580000e+02 7.944342e-05
6.650000e+02 8.325202e-05
6.750000e+02 8.481408e-05
6.850000e+02 7.969188e-05
6.950000e+02 8.458135e-05
7.050000e+02 7.803486e-05
7.160000e+02 8.562257e-05
7.260000e+02 8.610036e-05
7.350000e+02 8.636912e-05
7.450000e+02 8.494720e-05
7.550000e+02 8.453916e-05
7.650000e+02 7.587487e-05
7.750000e+02 8.459818e-05
7.850000e+02 8.055985e-05
7.950000e+02 8.367466e-05
8.050000e+02 8.500740e-05
8.150000e+02 8.518957e-05
8.250000e+02 8.566080e-05
8.350000e+02 7.668940e-05
8.450000e+02 8.484055e-05
8.550000e+02 8.400947e-05
8.650000e+02 8.523681e-05
8.750000e+02 8.562518e-05
8.850000e+02 8.544703e-05
8.950000e+02 8.551023e-05
9.050000e+02 8.466920e-05
9.150000e+02 8.200579e-05
9.250000e+02 1.328484e-04
9.350000e+02 1.862803e-04
9.450000e+02 2.279857e-04
9.550000e+02 2.545146e-04
9.650000e+02 2.672345e-04
9.750000e+02 1.534854e-04
9.850000e+02 2.251444e-04
9.950000e+02 2.211297e-04
1.005000e+03 2.596919e-04
1.015000e+03 2.694465e-04
1.025000e+03 1.970678e-04
1.035000e+03 2.475938e-04
1.045000e+03 3.119406e-04
1.055000e+03 3.038607e-04
1.065000e+03 2.682225e-04
1.075000e+03 2.897886e-04
1.085000e+03 2.473071e-04
1.095000e+03 2.995027e-04
1.105000e+03 2.885882e-04
1.115000e+03 2.838102e-04
1.125000e+03 2.570064e-04
1.135000e+03 2.973419e-04
1.145000e+03 2.890618e-04
1.155000e+03 2.908636e-04
1.165000e+03 2.879106e-04
1.175000e+03 2.151991e-04
1.185000e+03 2.811551e-04
1.195000e+03 2.500957e-04
1.205000e+03 2.188669e-04
1.215000e+03 1.792176e-04
1.225000e+03 2.582628e-04
1.235000e+03 2.945299e-04
1.245000e+03 3.015246e-04
1.255000e+03 2.960531e-04
1.265000e+03 2.899947e-04
1.275000e+03 3.162738e-04
1.285000e+03 3.213414e-04
1.295000e+03 2.805346e-04
1.305000e+03 2.853327e-04
1.315000e+03 3.218023e-04
1.325000e+03 3.113557e-04
1.335000e+03 2.901955e-04
1.345000e+03 3.203493e-04
1.355000e+03 3.152606e-04
1.365000e+03 2.952832e-04
1.375000e+03 2.972839e-04
1.385000e+03 2.974787e-04
1.395000e+03 2.385090e-04
1.405000e+03 2.352302e-04
1.415000e+03 2.865515e-04
1.425000e+03 2.836060e-04
1.435000e+03 2.938409e-04
1.442000e+03 2.989064e-04
1.447000e+03 2.998793e-04
1.455000e+03 2.927722e-04
1.465000e+03 2.804089e-04
1.475000e+03 2.847660e-04
1.485000e+03 2.895120e-04
1.495000e+03 2.883002e-04
1.505000e+03 2.777853e-04
1.512000e+03 2.588080e-04
1.517000e+03 2.679817e-04
1.525000e+03 2.683642e-04
1.535000e+03 2.388630e-04
1.545000e+03 2.246872e-04
1.555000e+03 2.248653e-04
1.565000e+03 2.458384e-04
1.575000e+03 2.597106e-04
1.585000e+03 2.671234e-04
1.595000e+03 2.703706e-04
1.605000e+03 2.667796e-04
1.615000e+03 2.660591e-04
1.625000e+03 2.617794e-04
1.635000e+03 2.747325e-04
1.645000e+03 2.759642e-04
1.655000e+03 2.708848e-04
1.665000e+03 2.824231e-04
1.672000e+03 2.615236e-04
1.677000e+03 2.909553e-04
1.685000e+03 2.937379e-04
1.695000e+03 2.830771e-04
1.705000e+03 2.773877e-04
1.715000e+03 2.649173e-04
1.725000e+03 2.640166e-04
1.735000e+03 2.788266e-04
1.745000e+03 2.752295e-04
1.755000e+03 2.847238e-04
1.765000e+03 2.749251e-04
1.775000e+03 2.717395e-04
1.785000e+03 2.783363e-04
1.795000e+03 2.890203e-04
1.805000e+03 2.914769e-04
1.815000e+03 2.715376e-04
1.825000e+03 2.791897e-04
1.835000e+03 2.738281e-04
1.845000e+03 2.579833e-04
1.855000e+03 2.554375e-04
1.865000e+03 2.625068e-04
1.875000e+03 2.801523e-04
1.885000e+03 2.609574e-04
1.895000e+03 2.522834e-04
1.905000e+03 2.697758e-04
1.915000e+03 2.584098e-04
1.925000e+03 2.523271e-04
1.935000e+03 2.658090e-04
1.945000e+03 2.738468e-04
1.955000e+03 2.563252e-04
1.967000e+03 2.790574e-04
1.976000e+03 2.868643e-04
1.984000e+03 2.758110e-04
1.995000e+03 2.714313e-04
2.005000e+03 2.832697e-04
2.015000e+03 2.787197e-04
2.025000e+03 2.883008e-04
2.035000e+03 2.750042e-04
2.045000e+03 2.844360e-04
2.055000e+03 2.607389e-04
2.065000e+03 2.700249e-04
2.074000e+03 2.974345e-04
2.078000e+03 3.018827e-04
2.085000e+03 3.270606e-04
2.095000e+03 3.126253e-04
2.105000e+03 3.186527e-04
2.115000e+03 3.326501e-04
2.125000e+03 3.289015e-04
2.135000e+03 3.216742e-04
2.145000e+03 3.386378e-04
2.155000e+03 3.452293e-04
2.165000e+03 3.327541e-04
2.175000e+03 3.327186e-04
2.185000e+03 3.540274e-04
2.195000e+03 3.600685e-04
2.205000e+03 3.593850e-04
2.215000e+03 3.290374e-04
2.225000e+03 3.455827e-04
2.235000e+03 3.945043e-04
2.245000e+03 3.864877e-04
2.255000e+03 3.474606e-04
2.265000e+03 3.391932e-04
2.275000e+03 3.522874e-04
2.285000e+03 4.105644e-04
2.295000e+03 3.664201e-04
2.305000e+03 4.015420e-04
2.315000e+03 3.719870e-04
2.325000e+03 3.176587e-04
2.335000e+03 3.412301e-04
2.345000e+03 3.059031e-04
2.355000e+03 3.763302e-04
2.365000e+03 3.177759e-04
2.375000e+03 3.435082e-04
2.385000e+03 2.978411e-04
2.395000e+03 3.243775e-04
2.405000e+03 3.254153e-04
2.415000e+03 3.355042e-04
2.425000e+03 4.249139e-04
2.435000e+03 4.301443e-04
2.445000e+03 4.880328e-04
2.455000e+03 5.125213e-04
2.465000e+03 4.491348e-04
2.475000e+03 4.206634e-04
2.485000e+03 3.210626e-04
2.495000e+03 3.400559e-04
2.505000e+03 4.567190e-04
2.513000e+03 3.198515e-04
2.518000e+03 3.047517e-04
2.525000e+03 3.093047e-04
2.535000e+03 4.052365e-04
2.545000e+03 4.113415e-04
2.555000e+03 6.941211e-04
2.565000e+03 5.404077e-04
2.575000e+03 6.854609e-04
2.585000e+03 6.266990e-04
2.595000e+03 5.893232e-04
2.605000e+03 5.411208e-04
2.615000e+03 5.069009e-04
2.625000e+03 6.351676e-04
2.635000e+03 1.095236e-03
2.645000e+03 1.398353e-03
2.655000e+03 2.162180e-03
2.665000e+03 1.287261e-03
2.675000e+03 1.447036e-03
2.685000e+03 1.776084e-03
2.695000e+03 1.211904e-03
2.705000e+03 1.586303e-03
2.715000e+03 1.125649e-03
2.725000e+03 7.956287e-04
2.735000e+03 1.068966e-03
2.745000e+03 7.094595e-04
2.755000e+03 9.412502e-04
2.765000e+03 1.238004e-03
2.775000e+03 1.305417e-03
2.785000e+03 8.332991e-04
2.795000e+03 4.821258e-04
2.805000e+03 5.542103e-04
2.815000e+03 1.178983e-03
2.825000e+03 1.643523e-03
2.835000e+03 1.463717e-03
2.845000e+03 9.391244e-04
2.855000e+03 5.775811e-04
2.865000e+03 1.362266e-03
2.875000e+03 2.210811e-03
2.885000e+03 2.094838e-03
2.895000e+03 2.888783e-03
2.910000e+03 4.226452e-03
2.930000e+03 3.626426e-03
2.950000e+03 3.235795e-03
2.970000e+03 3.358851e-03
2.990000e+03 3.458426e-03
3.010000e+03 3.332947e-03
3.030000e+03 3.853994e-03
3.050000e+03 4.061927e-03
3.070000e+03 4.895233e-03
3.090000e+03 4.684968e-03
3.110000e+03 6.101756e-03
3.130000e+03 5.475696e-03
3.150000e+03 5.744617e-03
3.170000e+03 6.606920e-03
3.190000e+03 5.553559e-03
3.210000e+03 6.193631e-03
3.230000e+03 5.176847e-03
3.250000e+03 8.113632e-03
3.270000e+03 9.912912e-03
3.290000e+03 9.951828e-03
3.310000e+03 9.007840e-03
3.330000e+03 9.561180e-03
3.350000e+03 9.247567e-03
3.370000e+03 6.353598e-03
3.390000e+03 7.504308e-03
3.410000e+03 7.804546e-03
3.430000e+03 8.466809e-03
3.450000e+03 9.008085e-03
3.470000e+03 9.557049e-03
3.490000e+03 1.141680e-02
3.510000e+03 1.258044e-02
3.530000e+03 1.104955e-02
3.550000e+03 1.313117e-02
3.570000e+03 7.936158e-03
3.590000e+03 8.568719e-03
3.610000e+03 1.177241e-02
3.630000e+03 1.298311e-02
3.640000e+03 1.369718e-02
3.650000e+03 1.595971e-02
3.670000e+03 1.757256e-02
3.690000e+03 1.548259e-02
3.710000e+03 1.664469e-02
3.730000e+03 9.561702e-03
3.750000e+03 1.135432e-02
3.770000e+03 1.589902e-02
3.790000e+03 1.644668e-02
3.810000e+03 1.490700e-02
3.830000e+03 7.572546e-03
3.850000e+03 1.077272e-02
3.870000e+03 1.091257e-02
3.890000e+03 1.551167e-02
3.910000e+03 1.979697e-02
3.930000e+03 9.588934e-03
3.950000e+03 1.749047e-02
3.970000e+03 1.211511e-02
3.990000e+03 2.842268e-02
4.010000e+03 3.241181e-02
4.030000e+03 3.171306e-02
4.050000e+03 3.070166e-02
4.070000e+03 2.816829e-02
4.090000e+03 3.739435e-02
4.110000e+03 3.476519e-02
4.130000e+03 3.345926e-02
4.150000e+03 3.246797e-02
4.170000e+03 3.422050e-02
4.190000e+03 3.325417e-02
4.210000e+03 3.439441e-02
4.230000e+03 3.325087e-02
4.250000e+03 3.634576e-02
4.270000e+03 3.399801e-02
4.290000e+03 3.146556e-02
4.310000e+03 2.818128e-02
4.330000e+03 4.259351e-02
4.350000e+03 4.308262e-02
4.370000e+03 4.710804e-02
4.390000e+03 4.112603e-02
4.410000e+03 4.421269e-02
4.430000e+03 4.901557e-02
4.450000e+03 4.959483e-02
4.470000e+03 5.439078e-02
4.490000e+03 5.625985e-02
4.510000e+03 6.678533e-02
4.530000e+03 5.661781e-02
4.550000e+03 6.088313e-02
4.570000e+03 6.675798e-02
4.590000e+03 6.312419e-02
4.610000e+03 6.501956e-02
4.630000e+03 6.422918e-02
4.650000e+03 6.507017e-02
4.670000e+03 6.988393e-02
4.690000e+03 6.886081e-02
4.710000e+03 6.781250e-02
4.730000e+03 7.086580e-02
4.750000e+03 7.408243e-02
4.770000e+03 7.278894e-02
4.790000e+03 7.346107e-02
4.810000e+03 7.419774e-02
4.830000e+03 7.733656e-02
4.850000e+03 7.425919e-02
4.870000e+03 6.812310e-02
4.890000e+03 7.649734e-02
4.910000e+03 7.795025e-02
4.930000e+03 7.679324e-02
4.950000e+03 8.064596e-02
4.970000e+03 7.804443e-02
4.990000e+03 7.237466e-02
5.010000e+03 6.852438e-02
5.030000e+03 7.433970e-02
5.050000e+03 7.486484e-02
5.070000e+03 7.986189e-02
5.090000e+03 7.578243e-02
5.110000e+03 7.885629e-02
5.130000e+03 7.711688e-02
5.150000e+03 7.331619e-02
5.170000e+03 6.420187e-02
5.190000e+03 6.818475e-02
5.210000e+03 7.632201e-02
5.230000e+03 8.454959e-02
5.250000e+03 9.071752e-02
5.270000e+03 7.874871e-02
5.290000e+03 9.512856e-02
5.310000e+03 1.037253e-01
5.330000e+03 8.931100e-02
5.350000e+03 9.986319e-02
5.370000e+03 1.009152e-01
5.390000e+03 9.914192e-02
5.410000e+03 9.779663e-02
5.430000e+03 9.937568e-02
5.450000e+03 1.015180e-01
5.470000e+03 1.003721e-01
5.490000e+03 1.016634e-01
5.510000e+03 1.011254e-01
5.530000e+03 1.070990e-01
5.550000e+03 1.108783e-01
5.570000e+03 1.097985e-01
5.590000e+03 1.041655e-01
5.610000e+03 1.100542e-01
5.630000e+03 1.097545e-01
5.650000e+03 1.128069e-01
5.670000e+03 1.114890e-01
5.690000e+03 1.170546e-01
5.710000e+03 1.145282e-01
5.730000e+03 1.270987e-01
5.750000e+03 1.222372e-01
5.770000e+03 1.247559e-01
5.790000e+03 1.205868e-01
5.810000e+03 1.270254e-01
5.830000e+03 1.311258e-01
5.850000e+03 1.263455e-01
5.870000e+03 1.268477e-01
5.890000e+03 1.102523e-01
5.910000e+03 1.257291e-01
5.930000e+03 1.271375e-01
5.950000e+03 1.280897e-01
5.970000e+03 1.313942e-01
5.990000e+03 1.307632e-01
6.010000e+03 1.304006e-01
6.030000e+03 1.362524e-01
6.050000e+03 1.402443e-01
6.070000e+03 1.420469e-01
6.090000e+03 1.378046e-01
6.110000e+03 1.408755e-01
6.130000e+03 1.319961e-01
6.150000e+03 1.340549e-01
6.170000e+03 1.253979e-01
6.190000e+03 1.340878e-01
6.210000e+03 1.334313e-01
6.230000e+03 1.291783e-01
6.250000e+03 1.260974e-01
6.270000e+03 1.340538e-01
6.290000e+03 1.386637e-01
6.310000e+03 1.365042e-01
6.330000e+03 1.405386e-01
6.350000e+03 1.429156e-01
6.370000e+03 1.438173e-01
6.390000e+03 1.477346e-01
6.410000e+03 1.464953e-01
6.430000e+03 1.481736e-01
6.450000e+03 1.493160e-01
6.470000e+03 1.491404e-01
6.490000e+03 1.475109e-01
6.510000e+03 1.563507e-01
6.530000e+03 1.576500e-01
6.550000e+03 1.545471e-01
6.570000e+03 1.474164e-01
6.590000e+03 1.552961e-01
6.610000e+03 1.580823e-01
6.630000e+03 1.545229e-01
6.650000e+03 1.542912e-01
6.670000e+03 1.507657e-01
6.690000e+03 1.543839e-01
6.710000e+03 1.478336e-01
6.730000e+03 1.533710e-01
6.750000e+03 1.515224e-01
6.770000e+03 1.537502e-01
6.790000e+03 1.530806e-01
6.810000e+03 1.552058e-01
6.830000e+03 1.582086e-01
6.850000e+03 1.550560e-01
6.870000e+03 1.589477e-01
6.890000e+03 1.622514e-01
6.910000e+03 1.638238e-01
6.930000e+03 1.633814e-01
6.950000e+03 1.655987e-01
6.970000e+03 1.697536e-01
6.990000e+03 1.708580e-01
7.010000e+03 1.704126e-01
7.030000e+03 1.758143e-01
7.050000e+03 1.689577e-01
7.070000e+03 1.630682e-01
7.090000e+03 1.592234e-01
7.110000e+03 1.562598e-01
7.130000e+03 1.533891e-01
7.150000e+03 1.539814e-01
7.170000e+03 1.571470e-01
7.190000e+03 1.543468e-01
7.210000e+03 1.609601e-01
7.230000e+03 1.652981e-01
7.250000e+03 1.691226e-01
7.270000e+03 1.720069e-01
7.290000e+03 1.708539e-01
7.310000e+03 1.813680e-01
7.330000e+03 1.825034e-01
7.350000e+03 1.870596e-01
7.370000e+03 1.970965e-01
7.390000e+03 1.932746e-01
7.410000e+03 1.964926e-01
7.430000e+03 2.048284e-01
7.450000e+03 2.044700e-01
7.470000e+03 2.115982e-01
7.490000e+03 2.127328e-01
7.510000e+03 2.156539e-01
7.530000e+03 2.232290e-01
7.550000e+03 2.262189e-01
7.570000e+03 2.243988e-01
7.590000e+03 2.110126e-01
7.610000e+03 2.073952e-01
7.630000e+03 2.023503e-01
7.650000e+03 1.946221e-01
7.670000e+03 1.840142e-01
7.690000e+03 1.907410e-01
7.710000e+03 1.884449e-01
7.730000e+03 1.902111e-01
7.750000e+03 1.894556e-01
7.770000e+03 1.942529e-01
7.790000e+03 1.950944e-01
7.810000e+03 1.967403e-01
7.830000e+03 1.983955e-01
7.850000e+03 1.972993e-01
7.870000e+03 2.007542e-01
7.890000e+03 2.021039e-01
7.910000e+03 1.973591e-01
7.930000e+03 1.993526e-01
7.950000e+03 2.008591e-01
7.970000e+03 2.082318e-01
7.990000e+03 2.086053e-01
8.010000e+03 2.150612e-01
8.030000e+03 2.180056e-01
8.050000e+03 2.184099e-01
8.070000e+03 2.272192e-01
8.090000e+03 2.281744e-01
8.110000e+03 2.320770e-01
8.130000e+03 2.431512e-01
8.150000e+03 2.513504e-01
8.170000e+03 2.552240e-01
8.190000e+03 2.352642e-01
8.210000e+03 2.413881e-01
8.230000e+03 2.425655e-01
8.250000e+03 2.442840e-01
8.270000e+03 2.449291e-01
8.290000e+03 2.424932e-01
8.310000e+03 2.360217e-01
8.330000e+03 2.313079e-01
8.350000e+03 2.342573e-01
8.370000e+03 2.357500e-01
8.390000e+03 2.253773e-01
8.410000e+03 2.385678e-01
8.430000e+03 2.275314e-01
8.450000e+03 2.246610e-01
8.470000e+03 2.232681e-01
8.490000e+03 2.267930e-01
8.510000e+03 2.192750e-01
8.530000e+03 2.287433e-01
8.550000e+03 2.171031e-01
8.570000e+03 2.397965e-01
8.590000e+03 2.368337e-01
8.610000e+03 2.412588e-01
8.630000e+03 2.484650e-01
8.650000e+03 2.498151e-01
8.670000e+03 2.283902e-01
8.690000e+03 2.439720e-01
8.710000e+03 2.588904e-01
8.730000e+03 2.620890e-01
8.750000e+03 2.618790e-01
8.770000e+03 2.679418e-01
8.790000e+03 2.754770e-01
8.810000e+03 2.703916e-01
8.830000e+03 2.720316e-01
8.850000e+03 2.722333e-01
8.870000e+03 2.608181e-01
8.890000e+03 2.636618e-01
8.910000e+03 2.681966e-01
8.930000e+03 2.664600e-01
8.950000e+03 2.689214e-01
8.970000e+03 2.716089e-01
8.990000e+03 2.717565e-01
9.010000e+03 2.667632e-01
9.030000e+03 2.810562e-01
9.050000e+03 2.920148e-01
9.070000e+03 2.926565e-01
9.090000e+03 2.904648e-01
9.110000e+03 2.987428e-01
9.130000e+03 3.046688e-01
9.150000e+03 3.046813e-01
9.170000e+03 3.057931e-01
9.190000e+03 3.102442e-01
9.210000e+03 3.001962e-01
9.230000e+03 2.920725e-01
9.250000e+03 2.910849e-01
9.270000e+03 2.964211e-01
9.290000e+03 2.908787e-01
9.310000e+03 2.932745e-01
9.330000e+03 2.972885e-01
9.350000e+03 2.967215e-01
9.370000e+03 2.919769e-01
9.390000e+03 2.997304e-01
9.410000e+03 2.970418e-01
9.430000e+03 3.058045e-01
9.450000e+03 3.026318e-01
9.470000e+03 3.121855e-01
9.490000e+03 3.139801e-01
9.510000e+03 3.081551e-01
9.530000e+03 3.130426e-01
9.550000e+03 3.095512e-01
9.570000e+03 3.142280e-01
9.590000e+03 3.208745e-01
9.610000e+03 3.166168e-01
9.630000e+03 3.211130e-01
9.650000e+03 3.131232e-01
9.670000e+03 3.156545e-01
9.690000e+03 3.229000e-01
9.710000e+03 3.165322e-01
9.730000e+03 3.135963e-01
9.750000e+03 3.156383e-01
9.770000e+03 3.194499e-01
9.790000e+03 3.131821e-01
9.810000e+03 3.276502e-01
9.830000e+03 3.256772e-01
9.850000e+03 3.290493e-01
9.870000e+03 3.280765e-01
9.890000e+03 3.291496e-01
9.910000e+03 3.178013e-01
9.930000e+03 3.255814e-01
9.950000e+03 3.297639e-01
9.970000e+03 3.316148e-01
9.990000e+03 3.318946e-01
1.002500e+04 3.363431e-01
1.007500e+04 3.362291e-01
1.012500e+04 3.436269e-01
1.017500e+04 3.434824e-01
1.022500e+04 3.482440e-01
1.027500e+04 3.527710e-01
1.032500e+04 3.525607e-01
1.037500e+04 3.531470e-01
1.042500e+04 3.577046e-01
1.047500e+04 3.550720e-01
1.052500e+04 3.552587e-01
1.057500e+04 3.509801e-01
1.062500e+04 3.510345e-01
1.067500e+04 3.510429e-01
1.072500e+04 3.558546e-01
1.077500e+04 3.573447e-01
1.082500e+04 3.538753e-01
1.087500e+04 3.559054e-01
1.092500e+04 3.579275e-01
1.097500e+04 3.548630e-01
1.102500e+04 3.536195e-01
1.107500e+04 3.510163e-01
1.112500e+04 3.528883e-01
1.117500e+04 3.537638e-01
1.122500e+04 3.569366e-01
1.127500e+04 3.554336e-01
1.132500e+04 3.582550e-01
1.137500e+04 3.546060e-01
1.142500e+04 3.525707e-01
1.147500e+04 3.643381e-01
1.152500e+04 3.668201e-01
1.157500e+04 3.643608e-01
1.162500e+04 3.596808e-01
1.167500e+04 3.631407e-01
1.172500e+04 3.698805e-01
1.177500e+04 3.614962e-01
1.182500e+04 3.629882e-01
1.187500e+04 3.590041e-01
1.192500e+04 3.686289e-01
1.197500e+04 3.563089e-01
1.202500e+04 3.673306e-01
1.207500e+04 3.678175e-01
1.212500e+04 3.709086e-01
1.217500e+04 3.747942e-01
1.222500e+04 3.754766e-01
1.227500e+04 3.755366e-01
1.232500e+04 3.760003e-01
1.237500e+04 3.776447e-01
1.242500e+04 3.725254e-01
1.247500e+04 3.762268e-01
1.252500e+04 3.749908e-01
1.257500e+04 3.781157e-01
1.262500e+04 3.788605e-01
1.267500e+04 3.777184e-01
1.272500e+04 3.813869e-01
1.277500e+04 3.837450e-01
1.282500e+04 3.736649e-01
1.287500e+04 3.825686e-01
1.292500e+04 3.808355e-01
1.297500e+04 3.874698e-01
1.302500e+04 3.869301e-01
1.307500e+04 3.897713e-01
1.312500e+04 3.810915e-01
1.317500e+04 3.853728e-01
1.322500e+04 3.884878e-01
1.327500e+04 3.839542e-01
1.332500e+04 3.848400e-01
1.337500e+04 3.848108e-01
1.342500e+04 3.870284e-01
1.347500e+04 3.858017e-01
1.352500e+04 3.855851e-01
1.357500e+04 3.818370e-01
1.362500e+04 3.817687e-01
1.367500e+04 3.879267e-01
1.372500e+04 3.921586e-01
1.377500e+04 3.942710e-01
1.382500e+04 3.968363e-01
1.387500e+04 3.947402e-01
1.392500e+04 3.756184e-01
1.397500e+04 3.744092e-01
1.402500e+04 3.732056e-01
1.407500e+04 3.779074e-01
1.412500e+04 3.761807e-01
1.417500e+04 3.811784e-01
1.422500e+04 3.796064e-01
1.427500e+04 3.768024e-01
1.432500e+04 3.871253e-01
1.437500e+04 3.919017e-01
1.442500e+04 3.866271e-01
1.447500e+04 3.961033e-01
1.452500e+04 3.945636e-01
1.457000e+04 3.993617e-01
1.462000e+04 3.915182e-01
1.467500e+04 3.911212e-01
1.472500e+04 3.909913e-01
1.477500e+04 3.961822e-01
1.482500e+04 4.011849e-01
1.487500e+04 4.006886e-01
1.492500e+04 4.137181e-01
1.497500e+04 4.141310e-01
1.502500e+04 4.067878e-01
1.507500e+04 4.162070e-01
1.512500e+04 4.265080e-01
1.517500e+04 4.309103e-01
1.522500e+04 4.335102e-01
1.527500e+04 4.399284e-01
1.532500e+04 4.412041e-01
1.537500e+04 4.432156e-01
1.542500e+04 4.443475e-01
1.547500e+04 4.471698e-01
1.552500e+04 4.472694e-01
1.557500e+04 4.412056e-01
1.562500e+04 4.444290e-01
1.567500e+04 4.477311e-01
1.572500e+04 4.571081e-01
1.577500e+04 4.371334e-01
1.582500e+04 4.388530e-01
1.587500e+04 4.432244e-01
1.592500e+04 4.601886e-01
1.597500e+04 4.546094e-01
1.605000e+04 4.578698e-01
1.615000e+04 4.728718e-01
1.625000e+04 4.639939e-01
1.635000e+04 4.831770e-01
1.645000e+04 4.723480e-01
1.655000e+04 4.879967e-01
1.665000e+04 4.848532e-01
1.675000e+04 4.854454e-01
1.685000e+04 4.875931e-01
1.695000e+04 4.921862e-01
1.705000e+04 4.899674e-01
1.715000e+04 4.851132e-01
1.725000e+04 4.829457e-01
1.735000e+04 4.755521e-01
1.745000e+04 4.723837e-01
1.755000e+04 4.694534e-01
1.765000e+04 4.628331e-01
1.775000e+04 4.555559e-01
1.785000e+04 4.525589e-01
1.795000e+04 4.438041e-01
1.805000e+04 4.376875e-01
1.815000e+04 4.347380e-01
1.825000e+04 4.326079e-01
1.835000e+04 4.307069e-01
1.845000e+04 4.250983e-01
1.855000e+04 4.250037e-01
1.865000e+04 4.176829e-01
1.875000e+04 4.134656e-01
1.885000e+04 4.147041e-01
1.895000e+04 4.072871e-01
1.905000e+04 4.146572e-01
1.915000e+04 4.108077e-01
1.925000e+04 4.104221e-01
1.935000e+04 4.041400e-01
1.945000e+04 3.980599e-01
1.955000e+04 3.997464e-01
1.965000e+04 3.967239e-01
1.975000e+04 3.884374e-01
1.985000e+04 3.858395e-01
1.995000e+04 3.859611e-01
2.005000e+04 3.883570e-01
2.015000e+04 3.876398e-01
2.025000e+04 3.826361e-01
2.035000e+04 3.816229e-01
2.045000e+04 3.838398e-01
2.055000e+04 3.823726e-01
2.065000e+04 3.803721e-01
2.075000e+04 3.810016e-01
2.085000e+04 3.813607e-01
2.095000e+04 3.784350e-01
2.105000e+04 3.807719e-01
2.115000e+04 3.789760e-01
2.125000e+04 3.792363e-01
2.135000e+04 3.800513e-01
2.145000e+04 3.788913e-01
2.155000e+04 3.782713e-01
2.165000e+04 3.752438e-01
2.175000e+04 3.733579e-01
2.185000e+04 3.732763e-01
2.195000e+04 3.723840e-01
2.205000e+04 3.647662e-01
2.215000e+04 3.700215e-01
2.225000e+04 3.652818e-01
2.235000e+04 3.650185e-01
2.245000e+04 3.640422e-01
2.255000e+04 3.624685e-01
2.265000e+04 3.583902e-01
2.275000e+04 3.596523e-01
2.285000e+04 3.555288e-01
2.295000e+04 3.025741e-01
2.305000e+04 3.220176e-01
2.315000e+04 3.258063e-01
2.325000e+04 2.814769e-01
2.335000e+04 3.031560e-01
2.345000e+04 2.943104e-01
2.355000e+04 2.683271e-01
2.365000e+04 2.888872e-01
2.375000e+04 2.800387e-01
2.385000e+04 2.602175e-01
2.395000e+04 2.760081e-01
2.405000e+04 2.714588e-01
2.415000e+04 2.534340e-01
2.425000e+04 2.614259e-01
2.435000e+04 2.557741e-01
2.445000e+04 2.463794e-01
2.455000e+04 2.431577e-01
2.465000e+04 2.435415e-01
2.475000e+04 2.366433e-01
2.485000e+04 2.102447e-01
2.495000e+04 2.029181e-01
2.505000e+04 2.066976e-01
2.515000e+04 2.000171e-01
2.525000e+04 2.058111e-01
2.535000e+04 2.074445e-01
2.545000e+04 2.073776e-01
2.555000e+04 2.091825e-01
2.565000e+04 2.125569e-01
2.575000e+04 2.163142e-01
2.585000e+04 2.139476e-01
2.595000e+04 2.173806e-01
2.605000e+04 2.192380e-01
2.615000e+04 2.182215e-01
2.625000e+04 2.160805e-01
2.635000e+04 2.180959e-01
2.645000e+04 2.177265e-01
2.655000e+04 2.175184e-01
2.665000e+04 2.167269e-01
2.675000e+04 2.187336e-01
2.685000e+04 2.175224e-01
2.695000e+04 2.155092e-01
2.705000e+04 2.155689e-01
2.715000e+04 2.142521e-01
2.725000e+04 2.148550e-01
2.735000e+04 2.132809e-01
2.745000e+04 2.144462e-01
2.755000e+04 2.136113e-01
2.765000e+04 2.121430e-01
2.775000e+04 2.112451e-01
2.785000e+04 2.119527e-01
2.795000e+04 2.122424e-01
2.805000e+04 2.108612e-01
2.815000e+04 2.096527e-01
2.825000e+04 2.094204e-01
2.835000e+04 2.084489e-01
2.845000e+04 2.058908e-01
2.855000e+04 2.065460e-01
2.865000e+04 2.063298e-01
2.875000e+04 2.052460e-01
2.885000e+04 2.043514e-01
2.895000e+04 2.030761e-01
2.905000e+04 2.031694e-01
2.915000e+04 2.019955e-01
2.925000e+04 1.996638e-01
2.935000e+04 1.999417e-01
2.945000e+04 1.986554e-01
2.955000e+04 1.979358e-01
2.965000e+04 1.975403e-01
2.975000e+04 1.968926e-01
2.985000e+04 1.959409e-01
2.995000e+04 1.952703e-01
3.005000e+04 1.949822e-01
3.015000e+04 1.951802e-01
3.025000e+04 1.947890e-01
3.035000e+04 1.943314e-01
3.045000e+04 1.948322e-01
3.055000e+04 1.946384e-01
3.065000e+04 1.946274e-01
3.075000e+04 1.949527e-01
3.085000e+04 1.945423e-01
3.095000e+04 1.948211e-01
3.105000e+04 1.952183e-01
3.115000e+04 1.939719e-01
3.125000e+04 1.947047e-01
3.135000e+04 1.946060e-01
3.145000e+04 1.944420e-01
3.155000e+04 1.939755e-01
3.165000e+04 1.936232e-01
3.175000e+04 1.938392e-01
3.185000e+04 1.938593e-01
3.195000e+04 1.941101e-01
3.210000e+04 1.937648e-01
3.230000e+04 1.934651e-01
3.250000e+04 1.934189e-01
3.270000e+04 1.928482e-01
3.290000e+04 1.920768e-01
3.310000e+04 1.917918e-01
3.330000e+04 1.912529e-01
3.350000e+04 1.913983e-01
3.370000e+04 1.902488e-01
3.390000e+04 1.895155e-01
3.410000e+04 1.887554e-01
3.430000e+04 1.887749e-01
3.450000e+04 1.876894e-01
3.470000e+04 1.864767e-01
3.490000e+04 1.848771e-01
3.510000e+04 1.841777e-01
3.530000e+04 1.826049e-01
3.550000e+04 1.807944e-01
3.570000e+04 1.799152e-01
3.590000e+04 1.784047e-01
3.610000e+04 1.776163e-01
3.630000e+04 1.756661e-01
3.650000e+04 1.739911e-01
3.670000e+04 1.725667e-01
3.690000e+04 1.705058e-01
3.710000e+04 1.686595e-01
3.730000e+04 1.676597e-01
3.750000e+04 1.654974e-01
3.770000e+04 1.646456e-01
3.790000e+04 1.631420e-01
3.810000e+04 1.618464e-01
3.830000e+04 1.607282e-01
3.850000e+04 1.594426e-01
3.870000e+04 1.577488e-01
3.890000e+04 1.565124e-01
3.910000e+04 1.553462e-01
3.930000e+04 1.541311e-01
3.950000e+04 1.524147e-01
3.970000e+04 1.512623e-01
3.990000e+04 1.490984e-01
4.010000e+04 1.486053e-01
4.030000e+04 1.476519e-01
4.050000e+04 1.463116e-01
4.070000e+04 1.452284e-01
4.090000e+04 1.444111e-01
4.110000e+04 1.435567e-01
4.130000e+04 1.426199e-01
4.150000e+04 1.412361e-01
4.170000e+04 1.404470e-01
4.190000e+04 1.393918e-01
4.210000e+04 1.380167e-01
4.230000e+04 1.378695e-01
4.250000e+04 1.367012e-01
4.270000e+04 1.359728e-01
4.290000e+04 1.308478e-01
4.310000e+04 1.248748e-01
4.330000e+04 1.261353e-01
4.350000e+04 1.206214e-01
4.370000e+04 1.187640e-01
4.390000e+04 1.172635e-01
4.410000e+04 1.151570e-01
4.430000e+04 1.125321e-01
4.450000e+04 1.116719e-01
4.470000e+04 1.110456e-01
4.490000e+04 1.099166e-01
4.510000e+04 1.096116e-01
4.530000e+04 1.092339e-01
4.550000e+04 1.080730e-01
4.570000e+04 1.069889e-01
4.590000e+04 1.045408e-01
4.610000e+04 1.053978e-01
4.630000e+04 1.047325e-01
4.650000e+04 1.043288e-01
4.670000e+04 1.052857e-01
4.690000e+04 1.034651e-01
4.710000e+04 1.030049e-01
4.730000e+04 1.039405e-01
4.750000e+04 1.015512e-01
4.770000e+04 1.023482e-01
4.790000e+04 1.020595e-01
4.810000e+04 9.974319e-02
4.830000e+04 1.016810e-01
4.850000e+04 9.942552e-02
4.870000e+04 9.855977e-02
4.890000e+04 9.773264e-02
4.910000e+04 9.656431e-02
4.930000e+04 9.748063e-02
4.950000e+04 9.601328e-02
4.970000e+04 9.679072e-02
4.990000e+04 9.488106e-02
5.010000e+04 9.438636e-02
5.030000e+04 9.380800e-02
5.050000e+04 9.280818e-02
5.070000e+04 9.246097e-02
5.090000e+04 9.196303e-02
5.110000e+04 9.124208e-02
5.130000e+04 9.098683e-02
5.150000e+04 9.022993e-02
5.170000e+04 9.015732e-02
5.190000e+04 8.936559e-02
5.210000e+04 8.898276e-02
5.230000e+04 8.844184e-02
5.250000e+04 8.839326e-02
5.270000e+04 8.855568e-02
5.290000e+04 8.775423e-02
5.310000e+04 8.737881e-02
5.330000e+04 8.728971e-02
5.350000e+04 8.696549e-02
5.370000e+04 8.678102e-02
5.390000e+04 8.658645e-02
5.410000e+04 8.622763e-02
5.430000e+04 8.546773e-02
5.450000e+04 8.523753e-02
5.470000e+04 8.452392e-02
5.490000e+04 8.411059e-02
5.510000e+04 8.352449e-02
5.530000e+04 8.380952e-02
5.550000e+04 8.263116e-02
5.570000e+04 8.273718e-02
5.590000e+04 8.200666e-02
5.610000e+04 8.180664e-02
5.630000e+04 8.106293e-02
5.650000e+04 8.098377e-02
5.670000e+04 8.053300e-02
5.690000e+04 7.983092e-02
5.710000e+04 7.974015e-02
5.730000e+04 7.930470e-02
5.750000e+04 7.887477e-02
5.770000e+04 7.836285e-02
5.790000e+04 7.825331e-02
5.810000e+04 7.769184e-02
5.830000e+04 7.737677e-02
5.850000e+04 7.701576e-02
5.870000e+04 7.647182e-02
5.890000e+04 7.610703e-02
5.910000e+04 7.576877e-02
5.930000e+04 7.537434e-02
5.950000e+04 7.487607e-02
5.970000e+04 7.466649e-02
5.990000e+04 7.425046e-02
6.010000e+04 7.384288e-02
6.030000e+04 7.347282e-02
6.050000e+04 7.303505e-02
6.070000e+04 7.272256e-02
6.090000e+04 7.232297e-02
6.110000e+04 7.187404e-02
6.130000e+04 7.157298e-02
6.150000e+04 7.123344e-02
6.170000e+04 7.090499e-02
6.190000e+04 7.049707e-02
6.210000e+04 7.016071e-02
6.230000e+04 6.972353e-02
6.250000e+04 6.932782e-02
6.270000e+04 6.894346e-02
6.290000e+04 6.859163e-02
6.310000e+04 6.819963e-02
6.330000e+04 6.797799e-02
6.350000e+04 6.761129e-02
6.370000e+04 6.738563e-02
6.390000e+04 6.693787e-02
6.420000e+04 6.638399e-02
6.460000e+04 6.566320e-02
6.500000e+04 6.502038e-02
6.540000e+04 6.436912e-02
6.580000e+04 6.369852e-02
6.620000e+04 6.299712e-02
6.660000e+04 6.242823e-02
6.700000e+04 6.183182e-02
6.740000e+04 6.119566e-02
6.780000e+04 6.056746e-02
6.820000e+04 5.998500e-02
6.860000e+04 5.941338e-02
6.900000e+04 5.875330e-02
6.940000e+04 5.817997e-02
6.980000e+04 5.762005e-02
7.020000e+04 5.704865e-02
7.060000e+04 5.650536e-02
7.100000e+04 5.596521e-02
7.140000e+04 5.544225e-02
7.180000e+04 5.492404e-02
7.220000e+04 5.443878e-02
7.260000e+04 5.393250e-02
7.300000e+04 5.341905e-02
7.340000e+04 5.289869e-02
7.380000e+04 5.240038e-02
7.420000e+04 5.188183e-02
7.460000e+04 5.144547e-02
7.500000e+04 5.097586e-02
7.540000e+04 5.051731e-02
7.580000e+04 5.002515e-02
7.620000e+04 4.955995e-02
7.660000e+04 4.907659e-02
7.700000e+04 4.865304e-02
7.740000e+04 4.824421e-02
7.780000e+04 4.783498e-02
7.820000e+04 4.737735e-02
7.860000e+04 4.693530e-02
7.900000e+04 4.652615e-02
7.940000e+04 4.615122e-02
7.980000e+04 4.574478e-02
8.020000e+04 4.534010e-02
8.060000e+04 4.492043e-02
8.100000e+04 4.455478e-02
8.140000e+04 4.415781e-02
8.180000e+04 4.378176e-02
8.220000e+04 4.337414e-02
8.260000e+04 4.300622e-02
8.300000e+04 4.266129e-02
8.340000e+04 4.228532e-02
8.380000e+04 4.195169e-02
8.420000e+04 4.160584e-02
8.460000e+04 4.126653e-02
8.500000e+04 4.091516e-02
8.540000e+04 4.059005e-02
8.580000e+04 4.027280e-02
8.620000e+04 3.994429e-02
8.660000e+04 3.962416e-02
8.700000e+04 3.931290e-02
8.740000e+04 3.901096e-02
8.780000e+04 3.871880e-02
8.820000e+04 3.843690e-02
8.860000e+04 3.814507e-02
8.900000e+04 3.786407e-02
8.940000e+04 3.755229e-02
8.980000e+04 3.723032e-02
9.020000e+04 3.696241e-02
9.060000e+04 3.666368e-02
9.100000e+04 3.635530e-02
9.140000e+04 3.605921e-02
9.180000e+04 3.577593e-02
9.220000e+04 3.552835e-02
9.260000e+04 3.531757e-02
9.300000e+04 3.505356e-02
9.340000e+04 3.475806e-02
9.380000e+04 3.449997e-02
9.420000e+04 3.423362e-02
9.460000e+04 3.395899e-02
9.500000e+04 3.374734e-02
9.540000e+04 3.350450e-02
9.580000e+04 3.325398e-02
9.620000e+04 3.302013e-02
9.660000e+04 3.275431e-02
9.700000e+04 3.250545e-02
9.740000e+04 3.227410e-02
9.780000e+04 3.208604e-02
9.820000e+04 3.184080e-02
9.860000e+04 3.163959e-02
9.900000e+04 3.143192e-02
9.940000e+04 3.116570e-02
9.980000e+04 3.091835e-02
1.002000e+05 3.069046e-02
2.000000e+05 8.149024e-03
4.000000e+05 2.123743e-03
6.000000e+05 9.553044e-04
8.000000e+05 5.398531e-04
1.000000e+06 3.462624e-04
1.200000e+06 2.406951e-04
1.400000e+06 1.768995e-04
1.600000e+06 1.354608e-04
