9.100000e+01 2.452893e-18
9.400000e+01 7.007435e-18
9.600000e+01 1.869084e-17
9.800000e+01 3.407003e-17
1.000000e+02 6.684680e-17
1.020000e+02 1.512934e-16
1.040000e+02 2.727541e-16
1.060000e+02 4.825494e-16
1.080000e+02 9.172380e-16
1.100000e+02 2.022115e-15
1.140000e+02 5.488155e-15
1.180000e+02 1.473263e-14
1.210000e+02 3.489440e-14
1.250000e+02 7.841425e-14
1.270000e+02 1.306019e-13
1.280000e+02 1.748031e-13
1.310000e+02 2.712192e-13
1.320000e+02 3.981266e-13
1.340000e+02 5.372605e-13
1.370000e+02 8.980995e-13
1.400000e+02 1.634150e-12
1.430000e+02 3.007767e-12
1.470000e+02 5.589840e-12
1.510000e+02 1.056046e-11
1.550000e+02 1.989060e-11
1.590000e+02 3.368945e-11
1.620000e+02 5.808365e-11
1.660000e+02 9.940895e-11
1.700000e+02 1.663396e-10
1.730000e+02 2.387512e-10
1.770000e+02 3.595431e-10
1.800000e+02 5.298410e-10
1.820000e+02 5.999645e-10
1.860000e+02 9.936004e-10
1.910000e+02 1.597770e-09
1.940000e+02 2.194461e-09
1.980000e+02 3.332713e-09
2.020000e+02 4.335740e-09
2.050000e+02 5.921965e-09
2.100000e+02 9.333685e-09
2.160000e+02 1.447349e-08
2.200000e+02 1.924441e-08
2.230000e+02 2.391152e-08
2.270000e+02 3.119688e-08
2.300000e+02 4.429067e-06
2.340000e+02 2.231956e-05
2.400000e+02 3.479556e-05
2.460000e+02 6.037670e-05
2.520000e+02 2.148998e-04
2.570000e+02 4.953840e-04
2.600000e+02 4.912325e-04
2.640000e+02 2.386435e-03
2.690000e+02 3.077497e-03
2.740000e+02 3.601164e-03
2.790000e+02 2.378410e-03
2.840000e+02 4.853512e-03
2.900000e+02 6.480235e-03
2.960000e+02 5.532440e-03
3.010000e+02 5.182985e-03
3.080000e+02 8.366535e-03
3.180000e+02 9.723140e-03
3.280000e+02 1.219421e-02
3.380000e+02 1.301579e-02
3.480000e+02 1.327422e-02
3.570000e+02 2.514629e-02
3.660000e+02 4.953141e-02
3.750000e+02 5.101225e-02
3.850000e+02 4.098820e-02
3.950000e+02 7.192586e-02
4.050000e+02 9.780000e-02
4.140000e+02 1.009086e-01
4.220000e+02 9.338140e-02
4.300000e+02 9.118871e-02
4.410000e+02 1.134294e-01
4.510000e+02 1.213119e-01
4.600000e+02 1.077445e-01
4.700000e+02 1.139906e-01
4.800000e+02 1.354932e-01
4.900000e+02 1.132464e-01
5.000000e+02 1.492711e-01
5.060000e+02 1.264423e-01
5.120000e+02 2.157644e-01
5.200000e+02 2.074068e-01
5.300000e+02 1.949875e-01
5.400000e+02 1.632158e-01
5.500000e+02 1.598824e-01
5.600000e+02 2.202491e-01
5.700000e+02 2.535996e-01
5.800000e+02 2.525328e-01
5.900000e+02 2.615482e-01
6.000000e+02 2.204743e-01
6.100000e+02 2.173345e-01
6.200000e+02 2.840782e-01
6.300000e+02 2.714712e-01
6.400000e+02 3.052974e-01
6.500000e+02 2.955343e-01
6.580000e+02 2.731028e-01
6.650000e+02 3.137572e-01
6.750000e+02 3.357269e-01
6.850000e+02 2.911233e-01
6.950000e+02 3.394822e-01
7.050000e+02 2.762079e-01
7.160000e+02 3.591961e-01
7.260000e+02 3.678930e-01
7.350000e+02 3.740075e-01
7.450000e+02 3.627777e-01
7.550000e+02 3.639307e-01
7.650000e+02 3.266867e-01
7.750000e+02 3.690421e-01
7.850000e+02 3.350501e-01
7.950000e+02 3.685178e-01
8.050000e+02 3.836834e-01
8.150000e+02 3.899516e-01
8.250000e+02 3.970823e-01
8.350000e+02 3.211808e-01
8.450000e+02 3.967997e-01
8.550000e+02 3.921039e-01
8.650000e+02 4.094410e-01
8.750000e+02 4.129609e-01
8.850000e+02 4.140937e-01
8.950000e+02 4.172256e-01
9.050000e+02 4.125313e-01
9.150000e+02 3.704523e-01
9.250000e+02 6.164815e-01
9.350000e+02 8.783365e-01
9.450000e+02 1.066423e+00
9.550000e+02 1.191026e+00
9.650000e+02 1.308045e+00
9.750000e+02 8.136711e-01
9.850000e+02 1.143888e+00
9.950000e+02 1.033154e+00
1.005000e+03 1.113490e+00
1.015000e+03 1.175279e+00
1.025000e+03 9.966900e-01
1.035000e+03 1.197397e+00
1.045000e+03 1.325372e+00
1.055000e+03 1.297396e+00
1.065000e+03 1.201607e+00
1.075000e+03 1.245480e+00
1.085000e+03 1.163324e+00
1.095000e+03 1.247659e+00
1.105000e+03 1.216992e+00
1.115000e+03 1.213201e+00
1.125000e+03 1.133528e+00
1.135000e+03 1.215217e+00
1.145000e+03 1.208300e+00
1.155000e+03 1.163862e+00
1.165000e+03 1.123438e+00
1.175000e+03 9.051730e-01
1.185000e+03 1.082245e+00
1.195000e+03 1.041283e+00
1.205000e+03 1.020762e+00
1.215000e+03 8.575490e-01
1.225000e+03 1.004622e+00
1.235000e+03 1.051362e+00
1.245000e+03 1.051136e+00
1.255000e+03 1.061522e+00
1.265000e+03 1.080909e+00
1.275000e+03 1.114333e+00
1.285000e+03 1.122793e+00
1.295000e+03 1.093068e+00
1.305000e+03 1.081895e+00
1.315000e+03 1.128533e+00
1.325000e+03 1.108575e+00
1.335000e+03 1.096539e+00
1.345000e+03 1.107296e+00
1.355000e+03 1.080339e+00
1.365000e+03 1.050663e+00
1.375000e+03 1.027328e+00
1.385000e+03 1.023770e+00
1.395000e+03 7.912890e-01
1.405000e+03 6.683465e-01
1.415000e+03 1.011832e+00
1.425000e+03 9.540465e-01
1.435000e+03 1.012474e+00
1.442000e+03 9.922045e-01
1.447000e+03 9.938590e-01
1.455000e+03 9.678050e-01
1.465000e+03 9.636140e-01
1.475000e+03 9.691940e-01
1.485000e+03 9.849550e-01
1.495000e+03 9.676980e-01
1.505000e+03 9.606655e-01
1.512000e+03 9.444575e-01
1.517000e+03 9.457245e-01
1.525000e+03 9.382715e-01
1.535000e+03 8.492280e-01
1.545000e+03 6.767975e-01
1.555000e+03 7.126070e-01
1.565000e+03 8.300520e-01
1.575000e+03 8.708955e-01
1.585000e+03 8.757045e-01
1.595000e+03 8.825465e-01
1.605000e+03 8.485355e-01
1.615000e+03 8.304315e-01
1.625000e+03 8.438305e-01
1.635000e+03 8.551396e-01
1.645000e+03 8.435175e-01
1.655000e+03 8.675085e-01
1.665000e+03 8.636905e-01
1.672000e+03 8.164160e-01
1.677000e+03 9.080805e-01
1.685000e+03 8.888265e-01
1.695000e+03 8.759280e-01
1.705000e+03 8.649610e-01
1.715000e+03 8.403080e-01
1.725000e+03 8.248255e-01
1.735000e+03 8.565070e-01
1.745000e+03 8.542200e-01
1.755000e+03 8.481140e-01
1.765000e+03 8.406610e-01
1.775000e+03 8.255165e-01
1.785000e+03 8.390955e-01
1.795000e+03 8.281030e-01
1.805000e+03 8.292050e-01
1.815000e+03 8.142435e-01
1.825000e+03 8.099090e-01
1.835000e+03 8.115080e-01
1.845000e+03 7.965320e-01
1.855000e+03 8.011725e-01
1.865000e+03 8.034525e-01
1.875000e+03 7.956740e-01
1.885000e+03 7.763309e-01
1.895000e+03 7.768035e-01
1.905000e+03 7.886555e-01
1.915000e+03 7.767730e-01
1.925000e+03 7.472065e-01
1.935000e+03 7.780955e-01
1.945000e+03 7.817420e-01
1.955000e+03 7.439045e-01
1.967000e+03 7.672615e-01
1.976000e+03 7.723449e-01
1.984000e+03 7.635120e-01
1.995000e+03 7.540795e-01
2.005000e+03 7.629990e-01
2.015000e+03 7.591170e-01
2.025000e+03 7.605150e-01
2.035000e+03 7.438705e-01
2.045000e+03 7.393420e-01
2.055000e+03 5.826220e-01
2.065000e+03 6.373790e-01
2.074000e+03 7.425245e-01
2.078000e+03 7.331480e-01
2.085000e+03 7.388210e-01
2.095000e+03 7.251355e-01
2.105000e+03 7.249060e-01
2.115000e+03 7.355405e-01
2.125000e+03 7.275250e-01
2.135000e+03 7.265580e-01
2.145000e+03 7.174185e-01
2.155000e+03 7.230390e-01
2.165000e+03 7.009185e-01
2.175000e+03 7.145880e-01
2.185000e+03 6.999935e-01
2.195000e+03 7.121210e-01
2.205000e+03 7.067040e-01
2.215000e+03 6.894800e-01
2.225000e+03 6.947290e-01
2.235000e+03 6.922400e-01
2.245000e+03 6.867640e-01
2.255000e+03 6.722870e-01
2.265000e+03 6.804020e-01
2.275000e+03 6.793450e-01
2.285000e+03 6.693945e-01
2.295000e+03 6.497910e-01
2.305000e+03 6.512130e-01
2.315000e+03 6.528535e-01
2.325000e+03 6.383105e-01
2.335000e+03 6.488145e-01
2.345000e+03 6.439285e-01
2.355000e+03 6.375920e-01
2.365000e+03 6.321975e-01
2.375000e+03 6.242900e-01
2.385000e+03 6.025205e-01
2.395000e+03 6.156195e-01
2.405000e+03 6.140185e-01
2.415000e+03 6.132015e-01
2.425000e+03 6.154460e-01
2.435000e+03 6.081715e-01
2.445000e+03 6.074935e-01
2.455000e+03 6.024210e-01
2.465000e+03 6.007515e-01
2.475000e+03 5.987905e-01
2.485000e+03 5.894260e-01
2.495000e+03 5.055145e-01
2.505000e+03 5.790671e-01
2.513000e+03 5.484355e-01
2.518000e+03 5.711345e-01
2.525000e+03 5.767605e-01
2.535000e+03 5.785510e-01
2.545000e+03 5.741585e-01
2.555000e+03 5.719290e-01
2.565000e+03 5.695015e-01
2.575000e+03 5.674260e-01
2.585000e+03 5.648205e-01
2.595000e+03 5.562830e-01
2.605000e+03 5.585415e-01
2.615000e+03 5.517750e-01
2.625000e+03 5.527855e-01
2.635000e+03 5.516785e-01
2.645000e+03 5.478225e-01
2.655000e+03 5.466820e-01
2.665000e+03 5.401470e-01
2.675000e+03 5.329900e-01
2.685000e+03 5.357800e-01
2.695000e+03 5.294820e-01
2.705000e+03 5.300015e-01
2.715000e+03 5.258135e-01
2.725000e+03 5.242450e-01
2.735000e+03 5.101345e-01
2.745000e+03 5.194010e-01
2.755000e+03 5.163565e-01
2.765000e+03 5.133540e-01
2.775000e+03 5.134780e-01
2.785000e+03 5.081300e-01
2.795000e+03 4.977140e-01
2.805000e+03 5.015445e-01
2.815000e+03 5.028800e-01
2.825000e+03 4.994047e-01
2.835000e+03 4.946356e-01
2.845000e+03 4.950264e-01
2.855000e+03 4.918512e-01
2.865000e+03 4.881839e-01
2.875000e+03 4.859456e-01
2.885000e+03 4.846122e-01
2.895000e+03 4.821067e-01
2.910000e+03 4.780766e-01
2.930000e+03 4.752207e-01
2.950000e+03 4.692481e-01
2.970000e+03 4.643044e-01
2.990000e+03 4.576065e-01
3.010000e+03 4.519624e-01
3.030000e+03 4.465043e-01
3.050000e+03 4.443503e-01
3.070000e+03 4.399796e-01
3.090000e+03 4.360169e-01
3.110000e+03 4.332910e-01
3.130000e+03 4.277708e-01
3.150000e+03 4.249805e-01
3.170000e+03 4.198354e-01
3.190000e+03 4.159849e-01
3.210000e+03 4.071252e-01
3.230000e+03 4.085601e-01
3.250000e+03 4.055318e-01
3.270000e+03 3.982328e-01
3.290000e+03 3.966201e-01
3.310000e+03 3.926859e-01
3.330000e+03 3.885683e-01
3.350000e+03 3.827682e-01
3.370000e+03 3.805332e-01
3.390000e+03 3.783549e-01
3.410000e+03 3.746871e-01
3.430000e+03 3.710501e-01
3.450000e+03 3.656627e-01
3.470000e+03 3.648940e-01
3.490000e+03 3.617992e-01
3.510000e+03 3.591770e-01
3.530000e+03 3.558001e-01
3.550000e+03 3.526968e-01
3.570000e+03 3.498800e-01
3.590000e+03 3.458580e-01
3.610000e+03 3.423323e-01
3.630000e+03 3.395428e-01
3.640000e+03 3.343448e-01
3.650000e+03 3.386286e-01
3.670000e+03 3.356105e-01
3.690000e+03 3.290592e-01
3.710000e+03 3.193212e-01
3.730000e+03 3.155800e-01
3.750000e+03 3.201460e-01
3.770000e+03 3.174068e-01
3.790000e+03 3.255748e-01
3.810000e+03 3.350726e-01
3.830000e+03 3.126664e-01
3.850000e+03 3.381898e-01
3.870000e+03 3.392146e-01
3.890000e+03 3.003302e-01
3.910000e+03 3.396336e-01
3.930000e+03 3.341011e-01
3.950000e+03 3.312649e-01
3.970000e+03 2.881007e-01
3.990000e+03 3.271217e-01
4.010000e+03 3.274593e-01
4.030000e+03 3.212533e-01
4.050000e+03 3.233556e-01
4.070000e+03 3.163350e-01
4.090000e+03 3.013167e-01
4.110000e+03 2.797601e-01
4.130000e+03 3.083772e-01
4.150000e+03 3.082114e-01
4.170000e+03 3.079991e-01
4.190000e+03 3.059829e-01
4.210000e+03 3.024076e-01
4.230000e+03 3.017066e-01
4.250000e+03 2.982099e-01
4.270000e+03 2.944243e-01
4.290000e+03 2.929530e-01
4.310000e+03 2.880693e-01
4.330000e+03 2.721433e-01
4.350000e+03 2.574947e-01
4.370000e+03 2.819403e-01
4.390000e+03 2.796412e-01
4.410000e+03 2.787567e-01
4.430000e+03 2.778868e-01
4.450000e+03 2.758108e-01
4.470000e+03 2.701311e-01
4.490000e+03 2.719485e-01
4.510000e+03 2.690505e-01
4.530000e+03 2.674719e-01
4.550000e+03 2.633131e-01
4.570000e+03 2.644139e-01
4.590000e+03 2.617437e-01
4.610000e+03 2.600243e-01
4.630000e+03 2.569225e-01
4.650000e+03 2.504197e-01
4.670000e+03 2.538151e-01
4.690000e+03 2.470058e-01
4.710000e+03 2.492650e-01
4.730000e+03 2.503042e-01
4.750000e+03 2.484743e-01
4.770000e+03 2.473834e-01
4.790000e+03 2.453295e-01
4.810000e+03 2.430993e-01
4.830000e+03 2.404949e-01
4.850000e+03 2.293481e-01
4.870000e+03 2.124150e-01
4.890000e+03 2.347819e-01
4.910000e+03 2.343743e-01
4.930000e+03 2.308961e-01
4.950000e+03 2.313430e-01
4.970000e+03 2.304561e-01
4.990000e+03 2.286600e-01
5.010000e+03 2.243846e-01
5.030000e+03 2.249982e-01
5.050000e+03 2.227928e-01
5.070000e+03 2.224603e-01
5.090000e+03 2.208916e-01
5.110000e+03 2.192340e-01
5.130000e+03 2.174421e-01
5.150000e+03 2.159117e-01
5.170000e+03 2.145605e-01
5.190000e+03 2.132588e-01
5.210000e+03 2.117365e-01
5.230000e+03 2.105367e-01
5.250000e+03 2.089322e-01
5.270000e+03 2.070993e-01
5.290000e+03 2.065740e-01
5.310000e+03 2.050822e-01
5.330000e+03 2.036449e-01
5.350000e+03 2.024073e-01
5.370000e+03 2.011340e-01
5.390000e+03 1.997762e-01
5.410000e+03 1.959407e-01
5.430000e+03 1.971463e-01
5.450000e+03 1.958766e-01
5.470000e+03 1.945722e-01
5.490000e+03 1.933836e-01
5.510000e+03 1.919596e-01
5.530000e+03 1.908565e-01
5.550000e+03 1.897735e-01
5.570000e+03 1.884013e-01
5.590000e+03 1.867861e-01
5.610000e+03 1.861304e-01
5.630000e+03 1.849753e-01
5.650000e+03 1.835764e-01
5.670000e+03 1.822511e-01
5.690000e+03 1.790033e-01
5.710000e+03 1.783062e-01
5.730000e+03 1.778599e-01
5.750000e+03 1.765120e-01
5.770000e+03 1.757431e-01
5.790000e+03 1.747829e-01
5.810000e+03 1.734027e-01
5.830000e+03 1.730680e-01
5.850000e+03 1.726022e-01
5.870000e+03 1.688421e-01
5.890000e+03 1.699368e-01
5.910000e+03 1.693452e-01
5.930000e+03 1.682646e-01
5.950000e+03 1.671578e-01
5.970000e+03 1.663812e-01
5.990000e+03 1.654034e-01
6.010000e+03 1.643411e-01
6.030000e+03 1.631929e-01
6.050000e+03 1.625068e-01
6.070000e+03 1.613708e-01
6.090000e+03 1.607040e-01
6.110000e+03 1.595197e-01
6.130000e+03 1.586230e-01
6.150000e+03 1.575149e-01
6.170000e+03 1.563823e-01
6.190000e+03 1.560558e-01
6.210000e+03 1.551363e-01
6.230000e+03 1.538715e-01
6.250000e+03 1.531020e-01
6.270000e+03 1.524442e-01
6.290000e+03 1.516366e-01
6.310000e+03 1.502782e-01
6.330000e+03 1.498958e-01
6.350000e+03 1.487598e-01
6.370000e+03 1.480740e-01
6.390000e+03 1.473709e-01
6.410000e+03 1.461020e-01
6.430000e+03 1.458429e-01
6.450000e+03 1.448088e-01
6.470000e+03 1.439628e-01
6.490000e+03 1.430979e-01
6.510000e+03 1.423555e-01
6.530000e+03 1.408136e-01
6.550000e+03 1.370980e-01
6.570000e+03 1.251939e-01
6.590000e+03 1.381981e-01
6.610000e+03 1.386010e-01
6.630000e+03 1.381214e-01
6.650000e+03 1.374070e-01
6.670000e+03 1.357862e-01
6.690000e+03 1.347356e-01
6.710000e+03 1.350918e-01
6.730000e+03 1.343875e-01
6.750000e+03 1.338196e-01
6.770000e+03 1.333143e-01
6.790000e+03 1.324115e-01
6.810000e+03 1.319551e-01
6.830000e+03 1.313308e-01
6.850000e+03 1.306925e-01
6.870000e+03 1.300399e-01
6.890000e+03 1.287395e-01
6.910000e+03 1.286916e-01
6.930000e+03 1.281561e-01
6.950000e+03 1.276079e-01
6.970000e+03 1.269660e-01
6.990000e+03 1.263919e-01
7.010000e+03 1.257228e-01
7.030000e+03 1.250401e-01
7.050000e+03 1.244262e-01
7.070000e+03 1.227989e-01
7.090000e+03 1.234108e-01
7.110000e+03 1.225061e-01
7.130000e+03 1.220093e-01
7.150000e+03 1.216715e-01
7.170000e+03 1.206383e-01
7.190000e+03 1.204500e-01
7.210000e+03 1.199940e-01
7.230000e+03 1.190913e-01
7.250000e+03 1.188745e-01
7.270000e+03 1.184734e-01
7.290000e+03 1.173534e-01
7.310000e+03 1.172852e-01
7.330000e+03 1.168526e-01
7.350000e+03 1.164099e-01
7.370000e+03 1.158667e-01
7.390000e+03 1.153123e-01
7.410000e+03 1.148383e-01
7.430000e+03 1.143542e-01
7.450000e+03 1.137673e-01
7.470000e+03 1.132621e-01
7.490000e+03 1.126531e-01
7.510000e+03 1.124089e-01
7.530000e+03 1.119682e-01
7.550000e+03 1.115180e-01
7.570000e+03 1.109626e-01
7.590000e+03 1.098203e-01
7.610000e+03 1.099169e-01
7.630000e+03 1.095245e-01
7.650000e+03 1.090257e-01
7.670000e+03 1.085173e-01
7.690000e+03 1.079990e-01
7.710000e+03 1.075701e-01
7.730000e+03 1.071323e-01
7.750000e+03 1.066856e-01
7.770000e+03 1.061293e-01
7.790000e+03 1.059679e-01
7.810000e+03 1.054954e-01
7.830000e+03 1.050139e-01
7.850000e+03 1.044206e-01
7.870000e+03 1.040235e-01
7.890000e+03 1.035874e-01
7.910000e+03 1.032993e-01
7.930000e+03 1.028469e-01
7.950000e+03 1.024071e-01
7.970000e+03 1.020224e-01
7.990000e+03 1.015768e-01
8.010000e+03 1.012514e-01
8.030000e+03 1.008005e-01
8.050000e+03 1.004926e-01
8.070000e+03 1.001345e-01
8.090000e+03 9.969270e-02
8.110000e+03 9.917700e-02
8.130000e+03 9.901635e-02
8.150000e+03 9.852925e-02
8.170000e+03 9.816735e-02
8.190000e+03 9.732845e-02
8.210000e+03 9.464546e-02
8.230000e+03 9.389836e-02
8.250000e+03 9.408285e-02
8.270000e+03 9.354715e-02
8.290000e+03 9.338125e-02
8.310000e+03 9.308370e-02
8.330000e+03 9.262965e-02
8.350000e+03 9.223770e-02
8.370000e+03 9.239965e-02
8.390000e+03 9.219605e-02
8.410000e+03 9.201095e-02
8.430000e+03 9.218830e-02
8.450000e+03 9.156640e-02
8.470000e+03 9.122260e-02
8.490000e+03 9.143756e-02
8.510000e+03 9.044360e-02
8.530000e+03 9.101485e-02
8.550000e+03 8.908901e-02
8.570000e+03 9.101295e-02
8.590000e+03 8.871850e-02
8.610000e+03 8.852625e-02
8.630000e+03 9.063975e-02
8.650000e+03 8.900130e-02
8.670000e+03 8.538900e-02
8.690000e+03 8.929735e-02
8.710000e+03 8.989865e-02
8.730000e+03 8.832905e-02
8.750000e+03 8.335835e-02
8.770000e+03 8.681849e-02
8.790000e+03 8.878710e-02
8.810000e+03 8.862200e-02
8.830000e+03 8.786750e-02
8.850000e+03 8.466060e-02
8.870000e+03 8.081841e-02
8.890000e+03 8.627125e-02
8.910000e+03 8.705705e-02
8.930000e+03 8.678336e-02
8.950000e+03 8.669155e-02
8.970000e+03 8.622055e-02
8.990000e+03 8.452965e-02
9.010000e+03 7.852905e-02
9.030000e+03 8.105405e-02
9.050000e+03 8.443235e-02
9.070000e+03 8.431200e-02
9.090000e+03 8.433970e-02
9.110000e+03 8.417140e-02
9.130000e+03 8.409650e-02
9.150000e+03 8.380905e-02
9.170000e+03 8.325020e-02
9.190000e+03 8.259960e-02
9.210000e+03 8.024320e-02
9.230000e+03 7.361560e-02
9.250000e+03 7.935774e-02
9.270000e+03 8.107714e-02
9.290000e+03 8.145615e-02
9.310000e+03 8.117120e-02
9.330000e+03 8.101220e-02
9.350000e+03 7.993095e-02
9.370000e+03 8.028790e-02
9.390000e+03 8.018990e-02
9.410000e+03 7.964575e-02
9.430000e+03 7.958420e-02
9.450000e+03 7.928170e-02
9.470000e+03 7.879500e-02
9.490000e+03 7.854235e-02
9.510000e+03 7.751621e-02
9.530000e+03 7.514635e-02
9.550000e+03 6.913430e-02
9.570000e+03 7.550355e-02
9.590000e+03 7.686250e-02
9.610000e+03 7.678295e-02
9.630000e+03 7.642236e-02
9.650000e+03 7.649160e-02
9.670000e+03 7.623195e-02
9.690000e+03 7.599950e-02
9.710000e+03 7.510270e-02
9.730000e+03 7.538085e-02
9.750000e+03 7.519955e-02
9.770000e+03 7.476015e-02
9.790000e+03 7.466690e-02
9.810000e+03 7.444260e-02
9.830000e+03 7.416630e-02
9.850000e+03 7.390200e-02
9.870000e+03 7.363375e-02
9.890000e+03 7.331255e-02
9.910000e+03 7.290505e-02
9.930000e+03 7.285430e-02
9.950000e+03 7.258665e-02
9.970000e+03 7.228190e-02
9.990000e+03 7.195634e-02
1.002500e+04 6.922640e-02
1.007500e+04 6.773475e-02
1.012500e+04 6.946880e-02
1.017500e+04 6.981125e-02
1.022500e+04 6.924355e-02
1.027500e+04 6.867220e-02
1.032500e+04 6.793755e-02
1.037500e+04 6.750205e-02
1.042500e+04 6.684915e-02
1.047500e+04 6.637560e-02
1.052500e+04 6.580985e-02
1.057500e+04 6.526160e-02
1.062500e+04 6.473165e-02
1.067500e+04 6.406890e-02
1.072500e+04 6.363455e-02
1.077500e+04 6.312555e-02
1.082500e+04 6.216880e-02
1.087500e+04 6.187650e-02
1.092500e+04 5.762945e-02
1.097500e+04 5.988580e-02
1.102500e+04 6.041245e-02
1.107500e+04 6.014335e-02
1.112500e+04 5.963490e-02
1.117500e+04 5.919320e-02
1.122500e+04 5.871540e-02
1.127500e+04 5.813710e-02
1.132500e+04 5.769130e-02
1.137500e+04 5.729545e-02
1.142500e+04 5.682060e-02
1.147500e+04 5.644055e-02
1.152500e+04 5.600305e-02
1.157500e+04 5.552920e-02
1.162500e+04 5.474775e-02
1.167500e+04 5.449225e-02
1.172500e+04 5.429505e-02
1.177500e+04 5.376475e-02
1.182500e+04 5.338275e-02
1.187500e+04 5.296495e-02
1.192500e+04 5.265295e-02
1.197500e+04 5.192345e-02
1.202500e+04 5.182740e-02
1.207500e+04 5.140815e-02
1.212500e+04 5.102565e-02
1.217500e+04 5.068095e-02
1.222500e+04 5.030045e-02
1.227500e+04 4.993370e-02
1.232500e+04 4.955592e-02
1.237500e+04 4.919257e-02
1.242500e+04 4.881845e-02
1.247500e+04 4.843348e-02
1.252500e+04 4.806374e-02
1.257500e+04 4.773615e-02
1.262500e+04 4.739876e-02
1.267500e+04 4.705149e-02
1.272500e+04 4.669426e-02
1.277500e+04 4.575541e-02
1.282500e+04 4.295952e-02
1.287500e+04 4.545159e-02
1.292500e+04 4.535951e-02
1.297500e+04 4.498110e-02
1.302500e+04 4.476255e-02
1.307500e+04 4.447959e-02
1.312500e+04 4.413090e-02
1.317500e+04 4.380191e-02
1.322500e+04 4.355159e-02
1.327500e+04 4.320553e-02
1.332500e+04 4.290972e-02
1.337500e+04 4.260579e-02
1.342500e+04 4.232375e-02
1.347500e+04 4.203392e-02
1.352500e+04 4.173626e-02
1.357500e+04 4.146145e-02
1.362500e+04 4.114820e-02
1.367500e+04 4.088935e-02
1.372500e+04 4.062339e-02
1.377500e+04 4.038190e-02
1.382500e+04 4.010179e-02
1.387500e+04 3.981443e-02
1.392500e+04 3.955212e-02
1.397500e+04 3.928292e-02
1.402500e+04 3.900681e-02
1.407500e+04 3.878982e-02
1.412500e+04 3.850021e-02
1.417500e+04 3.827058e-02
1.422500e+04 3.800106e-02
1.427500e+04 3.772490e-02
1.432500e+04 3.754471e-02
1.437500e+04 3.729029e-02
1.442500e+04 3.699489e-02
1.447500e+04 3.683246e-02
1.452500e+04 3.655954e-02
1.457000e+04 3.636155e-02
1.462000e+04 3.618376e-02
1.467500e+04 3.591775e-02
1.472500e+04 3.568195e-02
1.477500e+04 3.533122e-02
1.482500e+04 3.525551e-02
1.487500e+04 3.501398e-02
1.492500e+04 3.485224e-02
1.497500e+04 3.462237e-02
1.502500e+04 3.434566e-02
1.507500e+04 3.413497e-02
1.512500e+04 3.398023e-02
1.517500e+04 3.375974e-02
1.522500e+04 3.354185e-02
1.527500e+04 3.333835e-02
1.532500e+04 3.310651e-02
1.537500e+04 3.295228e-02
1.542500e+04 3.267489e-02
1.547500e+04 3.255954e-02
1.552500e+04 3.234820e-02
1.557500e+04 3.203093e-02
1.562500e+04 3.212698e-02
1.567500e+04 3.170593e-02
1.572500e+04 3.141775e-02
1.577500e+04 3.158052e-02
1.582500e+04 3.138423e-02
1.587500e+04 3.064135e-02
1.592500e+04 3.092349e-02
1.597500e+04 3.104562e-02
1.605000e+04 3.060314e-02
1.615000e+04 2.995905e-02
1.625000e+04 3.016385e-02
1.635000e+04 2.956429e-02
1.645000e+04 2.891157e-02
1.655000e+04 2.921389e-02
1.665000e+04 2.891607e-02
1.675000e+04 2.827244e-02
1.685000e+04 2.762134e-02
1.695000e+04 2.801724e-02
1.705000e+04 2.765547e-02
1.715000e+04 2.744123e-02
1.725000e+04 2.711204e-02
1.735000e+04 2.596632e-02
1.745000e+04 2.646456e-02
1.755000e+04 2.634239e-02
1.765000e+04 2.608231e-02
1.775000e+04 2.582170e-02
1.785000e+04 2.556611e-02
1.795000e+04 2.532673e-02
1.805000e+04 2.503916e-02
1.815000e+04 2.397678e-02
1.825000e+04 2.439170e-02
1.835000e+04 2.437332e-02
1.845000e+04 2.414009e-02
1.855000e+04 2.392039e-02
1.865000e+04 2.344806e-02
1.875000e+04 2.254508e-02
1.885000e+04 2.323659e-02
1.895000e+04 2.306454e-02
1.905000e+04 2.286071e-02
1.915000e+04 2.269768e-02
1.925000e+04 2.249654e-02
1.935000e+04 2.222505e-02
1.945000e+04 2.118085e-02
1.955000e+04 2.183905e-02
1.965000e+04 2.174104e-02
1.975000e+04 2.154003e-02
1.985000e+04 2.136441e-02
1.995000e+04 2.118856e-02
2.005000e+04 2.103946e-02
2.015000e+04 2.086386e-02
2.025000e+04 2.068846e-02
2.035000e+04 2.051342e-02
2.045000e+04 2.035980e-02
2.055000e+04 2.017907e-02
2.065000e+04 2.002745e-02
2.075000e+04 1.987720e-02
2.085000e+04 1.971397e-02
2.095000e+04 1.955217e-02
2.105000e+04 1.941410e-02
2.115000e+04 1.921850e-02
2.125000e+04 1.911448e-02
2.135000e+04 1.896789e-02
2.145000e+04 1.881603e-02
2.155000e+04 1.863558e-02
2.165000e+04 1.773794e-02
2.175000e+04 1.829667e-02
2.185000e+04 1.825032e-02
2.195000e+04 1.812043e-02
2.205000e+04 1.796155e-02
2.215000e+04 1.784662e-02
2.225000e+04 1.771088e-02
2.235000e+04 1.757885e-02
2.245000e+04 1.744230e-02
2.255000e+04 1.731816e-02
2.265000e+04 1.718118e-02
2.275000e+04 1.705700e-02
2.285000e+04 1.694604e-02
2.295000e+04 1.679601e-02
2.305000e+04 1.667686e-02
2.315000e+04 1.656266e-02
2.325000e+04 1.639052e-02
2.335000e+04 1.627720e-02
2.345000e+04 1.616929e-02
2.355000e+04 1.600224e-02
2.365000e+04 1.590521e-02
2.375000e+04 1.578600e-02
2.385000e+04 1.563461e-02
2.395000e+04 1.552681e-02
2.405000e+04 1.541558e-02
2.415000e+04 1.527168e-02
2.425000e+04 1.516302e-02
2.435000e+04 1.505100e-02
2.445000e+04 1.492562e-02
2.455000e+04 1.481676e-02
2.465000e+04 1.470464e-02
2.475000e+04 1.457899e-02
2.485000e+04 1.449104e-02
2.495000e+04 1.432758e-02
2.505000e+04 1.431708e-02
2.515000e+04 1.418898e-02
2.525000e+04 1.399366e-02
2.535000e+04 1.397611e-02
2.545000e+04 1.390295e-02
2.555000e+04 1.376200e-02
2.565000e+04 1.357367e-02
2.575000e+04 1.359124e-02
2.585000e+04 1.351869e-02
2.595000e+04 1.343256e-02
2.605000e+04 1.326465e-02
2.615000e+04 1.303594e-02
2.625000e+04 1.254972e-02
2.635000e+04 1.299293e-02
2.645000e+04 1.296338e-02
2.655000e+04 1.287348e-02
2.665000e+04 1.274558e-02
2.675000e+04 1.248338e-02
2.685000e+04 1.257688e-02
2.695000e+04 1.253749e-02
2.705000e+04 1.244766e-02
2.715000e+04 1.235545e-02
2.725000e+04 1.227201e-02
2.735000e+04 1.218260e-02
2.745000e+04 1.207705e-02
2.755000e+04 1.178164e-02
2.765000e+04 1.181887e-02
2.775000e+04 1.184544e-02
2.785000e+04 1.177703e-02
2.795000e+04 1.169628e-02
2.805000e+04 1.161478e-02
2.815000e+04 1.153651e-02
2.825000e+04 1.145889e-02
2.835000e+04 1.138064e-02
2.845000e+04 1.129908e-02
2.855000e+04 1.121279e-02
2.865000e+04 1.105601e-02
2.875000e+04 1.077903e-02
2.885000e+04 1.096520e-02
2.895000e+04 1.092254e-02
2.905000e+04 1.085315e-02
2.915000e+04 1.077920e-02
2.925000e+04 1.070773e-02
2.935000e+04 1.063740e-02
2.945000e+04 1.056970e-02
2.955000e+04 1.050034e-02
2.965000e+04 1.043223e-02
2.975000e+04 1.036544e-02
2.985000e+04 1.029704e-02
2.995000e+04 1.023000e-02
3.005000e+04 1.016439e-02
3.015000e+04 1.009570e-02
3.025000e+04 1.001322e-02
3.035000e+04 9.712361e-03
3.045000e+04 9.747085e-03
3.055000e+04 9.829890e-03
3.065000e+04 9.779970e-03
3.075000e+04 9.720884e-03
3.085000e+04 9.658815e-03
3.095000e+04 9.600115e-03
3.105000e+04 9.541655e-03
3.115000e+04 9.476980e-03
3.125000e+04 9.422285e-03
3.135000e+04 9.364665e-03
3.145000e+04 9.304075e-03
3.155000e+04 9.247125e-03
3.165000e+04 9.192230e-03
3.175000e+04 9.136081e-03
3.185000e+04 9.080364e-03
3.195000e+04 9.025105e-03
3.210000e+04 8.943350e-03
3.230000e+04 8.835895e-03
3.250000e+04 8.728975e-03
3.270000e+04 8.620950e-03
3.290000e+04 8.324144e-03
3.310000e+04 8.381805e-03
3.330000e+04 8.331751e-03
3.350000e+04 8.237470e-03
3.370000e+04 8.141025e-03
3.390000e+04 8.046269e-03
3.410000e+04 7.951435e-03
3.430000e+04 7.862495e-03
3.450000e+04 7.775790e-03
3.470000e+04 7.685465e-03
3.490000e+04 7.599610e-03
3.510000e+04 7.512305e-03
3.530000e+04 7.429820e-03
3.550000e+04 7.348200e-03
3.570000e+04 7.265430e-03
3.590000e+04 7.185850e-03
3.610000e+04 7.105295e-03
3.630000e+04 7.034800e-03
3.650000e+04 6.952550e-03
3.670000e+04 6.885180e-03
3.690000e+04 6.796920e-03
3.710000e+04 6.728470e-03
3.730000e+04 6.580770e-03
3.750000e+04 6.466245e-03
3.770000e+04 6.525920e-03
3.790000e+04 6.463580e-03
3.810000e+04 6.377030e-03
3.830000e+04 6.316940e-03
3.850000e+04 6.266895e-03
3.870000e+04 6.202280e-03
3.890000e+04 6.130270e-03
3.910000e+04 6.040480e-03
3.930000e+04 6.014850e-03
3.950000e+04 5.956525e-03
3.970000e+04 5.898705e-03
3.990000e+04 5.836150e-03
4.010000e+04 5.752660e-03
4.030000e+04 5.680170e-03
4.050000e+04 5.526045e-03
4.070000e+04 5.608385e-03
4.090000e+04 5.560410e-03
4.110000e+04 5.507865e-03
4.130000e+04 5.450650e-03
4.150000e+04 5.394420e-03
4.170000e+04 5.289930e-03
4.190000e+04 5.291015e-03
4.210000e+04 5.247050e-03
4.230000e+04 5.201530e-03
4.250000e+04 5.154430e-03
4.270000e+04 5.105745e-03
4.290000e+04 5.043185e-03
4.310000e+04 4.984980e-03
4.330000e+04 4.946923e-03
4.350000e+04 4.882269e-03
4.370000e+04 4.774384e-03
4.390000e+04 4.769971e-03
4.410000e+04 4.748660e-03
4.430000e+04 4.696910e-03
4.450000e+04 4.653545e-03
4.470000e+04 4.625486e-03
4.490000e+04 4.576187e-03
4.510000e+04 4.542412e-03
4.530000e+04 4.507493e-03
4.550000e+04 4.464514e-03
4.570000e+04 4.423734e-03
4.590000e+04 4.381721e-03
4.610000e+04 4.345554e-03
4.630000e+04 4.308260e-03
4.650000e+04 4.143610e-03
4.670000e+04 4.157506e-03
4.690000e+04 4.189523e-03
4.710000e+04 4.173532e-03
4.730000e+04 4.141886e-03
4.750000e+04 4.097963e-03
4.770000e+04 4.075622e-03
4.790000e+04 4.040990e-03
4.810000e+04 4.001490e-03
4.830000e+04 3.980364e-03
4.850000e+04 3.938856e-03
4.870000e+04 3.906141e-03
4.890000e+04 3.872486e-03
4.910000e+04 3.838687e-03
4.930000e+04 3.815705e-03
4.950000e+04 3.782158e-03
4.970000e+04 3.758815e-03
4.990000e+04 3.721019e-03
5.010000e+04 3.691043e-03
5.030000e+04 3.661916e-03
5.050000e+04 3.632399e-03
5.070000e+04 3.604208e-03
5.090000e+04 3.575230e-03
5.110000e+04 3.535442e-03
5.130000e+04 3.436322e-03
5.150000e+04 3.485286e-03
5.170000e+04 3.466046e-03
5.190000e+04 3.439005e-03
5.210000e+04 3.413498e-03
5.230000e+04 3.388661e-03
5.250000e+04 3.364980e-03
5.270000e+04 3.341105e-03
5.290000e+04 3.316572e-03
5.310000e+04 3.293260e-03
5.330000e+04 3.269786e-03
5.350000e+04 3.246633e-03
5.370000e+04 3.224300e-03
5.390000e+04 3.201846e-03
5.410000e+04 3.178790e-03
5.430000e+04 3.154635e-03
5.450000e+04 3.131351e-03
5.470000e+04 3.108465e-03
5.490000e+04 3.085492e-03
5.510000e+04 3.062948e-03
5.530000e+04 3.041361e-03
5.550000e+04 3.019219e-03
5.570000e+04 2.998070e-03
5.590000e+04 2.976381e-03
5.610000e+04 2.955725e-03
5.630000e+04 2.934545e-03
5.650000e+04 2.914437e-03
5.670000e+04 2.893819e-03
5.690000e+04 2.873772e-03
5.710000e+04 2.853769e-03
5.730000e+04 2.834369e-03
5.750000e+04 2.814487e-03
5.770000e+04 2.795230e-03
5.790000e+04 2.776063e-03
5.810000e+04 2.756990e-03
5.830000e+04 2.738590e-03
5.850000e+04 2.721453e-03
5.870000e+04 2.702164e-03
5.890000e+04 2.672584e-03
5.910000e+04 2.589402e-03
5.930000e+04 2.642147e-03
5.950000e+04 2.630477e-03
5.970000e+04 2.613713e-03
5.990000e+04 2.595949e-03
6.010000e+04 2.578974e-03
6.030000e+04 2.562207e-03
6.050000e+04 2.545045e-03
6.070000e+04 2.528716e-03
6.090000e+04 2.512005e-03
6.110000e+04 2.495531e-03
6.130000e+04 2.479306e-03
6.150000e+04 2.463339e-03
6.170000e+04 2.447640e-03
6.190000e+04 2.432220e-03
6.210000e+04 2.416447e-03
6.230000e+04 2.400965e-03
6.250000e+04 2.385785e-03
6.270000e+04 2.370262e-03
6.290000e+04 2.355713e-03
6.310000e+04 2.340171e-03
6.330000e+04 2.326293e-03
6.350000e+04 2.311426e-03
6.370000e+04 2.296908e-03
6.390000e+04 2.282751e-03
6.420000e+04 2.261616e-03
6.460000e+04 2.233509e-03
6.500000e+04 2.206291e-03
6.540000e+04 2.179313e-03
6.580000e+04 2.153339e-03
6.620000e+04 2.126972e-03
6.660000e+04 2.101709e-03
6.700000e+04 2.076868e-03
6.740000e+04 2.051736e-03
6.780000e+04 2.027859e-03
6.820000e+04 2.004537e-03
6.860000e+04 1.981027e-03
6.900000e+04 1.958142e-03
6.940000e+04 1.935926e-03
6.980000e+04 1.913615e-03
7.020000e+04 1.891227e-03
7.060000e+04 1.870444e-03
7.100000e+04 1.848820e-03
7.140000e+04 1.828899e-03
7.180000e+04 1.808178e-03
7.220000e+04 1.788387e-03
7.260000e+04 1.768699e-03
7.300000e+04 1.749136e-03
7.340000e+04 1.730618e-03
7.380000e+04 1.711380e-03
7.420000e+04 1.690497e-03
7.460000e+04 1.641016e-03
7.500000e+04 1.622073e-03
7.540000e+04 1.637524e-03
7.580000e+04 1.622363e-03
7.620000e+04 1.605637e-03
7.660000e+04 1.588287e-03
7.700000e+04 1.572285e-03
7.740000e+04 1.555691e-03
7.780000e+04 1.539508e-03
7.820000e+04 1.523761e-03
7.860000e+04 1.508478e-03
7.900000e+04 1.493685e-03
7.940000e+04 1.478357e-03
7.980000e+04 1.463551e-03
8.020000e+04 1.449295e-03
8.060000e+04 1.434534e-03
8.100000e+04 1.420357e-03
8.140000e+04 1.406793e-03
8.180000e+04 1.392752e-03
8.220000e+04 1.379361e-03
8.260000e+04 1.365508e-03
8.300000e+04 1.352339e-03
8.340000e+04 1.339883e-03
8.380000e+04 1.327000e-03
8.420000e+04 1.313684e-03
8.460000e+04 1.302322e-03
8.500000e+04 1.289361e-03
8.540000e+04 1.277197e-03
8.580000e+04 1.265861e-03
8.620000e+04 1.254145e-03
8.660000e+04 1.242171e-03
8.700000e+04 1.230698e-03
8.740000e+04 1.219491e-03
8.780000e+04 1.208307e-03
8.820000e+04 1.197285e-03
8.860000e+04 1.186436e-03
8.900000e+04 1.175771e-03
8.940000e+04 1.165303e-03
8.980000e+04 1.154772e-03
9.020000e+04 1.144593e-03
9.060000e+04 1.134505e-03
9.100000e+04 1.124519e-03
9.140000e+04 1.114642e-03
9.180000e+04 1.104882e-03
9.220000e+04 1.095391e-03
9.260000e+04 1.085753e-03
9.300000e+04 1.076545e-03
9.340000e+04 1.067203e-03
9.380000e+04 1.058020e-03
9.420000e+04 1.049155e-03
9.460000e+04 1.040173e-03
9.500000e+04 1.031377e-03
9.540000e+04 1.022776e-03
9.580000e+04 1.014228e-03
9.620000e+04 1.005582e-03
9.660000e+04 9.974645e-04
9.700000e+04 9.891080e-04
9.740000e+04 9.809850e-04
9.780000e+04 9.729470e-04
9.820000e+04 9.648385e-04
9.860000e+04 9.571490e-04
9.900000e+04 9.492380e-04
9.940000e+04 9.415985e-04
9.980000e+04 9.340755e-04
1.002000e+05 9.265075e-04
2.000000e+05 2.292272e-04
4.000000e+05 5.601255e-05
6.000000e+05 2.450315e-05
8.000000e+05 1.362020e-05
1.000000e+06 8.639380e-06
1.200000e+06 5.953770e-06
1.400000e+06 4.344441e-06
1.600000e+06 3.307702e-06
